
  BLADE ROW NUMBER            1  JMIX =          111


  INLET BOUNDARY CONDITIONS TO ROW NUMBER 1.

  STAGNATION PRESSURE 
  100000.0  100000.0  100000.0  100000.0  100000.0  100000.0  100000.0  100000.0
  100000.0  100000.0  100000.0  100000.0  100000.0  100000.0  100000.0  100000.0
  100000.0  100000.0  100000.0  100000.0  100000.0  100000.0  100000.0  100000.0
  100000.0  100000.0  100000.0  100000.0  100000.0  100000.0  100000.0  100000.0
  100000.0  100000.0  100000.0  100000.0  100000.0
  STATIC PRESSURE 
   86891.9   86495.7   86099.6   85877.8   85746.9   85646.7   85562.9   85489.9
   85418.6   85345.4   85268.6   85186.2   85098.2   85005.9   84917.3   84844.4
   84796.4   84777.5   84789.9   84834.4   84912.3   85024.1   85166.2   85324.2
   85482.9   85633.7   85772.6   85899.0   86013.6   86115.0   86209.6   86300.6
   86373.2   86427.1   86642.5   87194.3   87746.0
  STAGNATION TEMPERATURE 
     300.0     300.0     300.0     300.0     300.0     300.0     300.0     300.0
     300.0     300.0     300.0     300.0     300.0     300.0     300.0     300.0
     300.0     300.0     300.0     300.0     300.0     300.0     300.0     300.0
     300.0     300.0     300.0     300.0     300.0     300.0     300.0     300.0
     300.0     300.0     300.0     300.0     300.0
  STATIC TEMPERATURE 
     288.2     287.8     287.4     287.2     287.1     287.0     286.9     286.9
     286.8     286.7     286.6     286.6     286.5     286.4     286.3     286.2
     286.2     286.2     286.2     286.2     286.3     286.4     286.5     286.7
     286.8     287.0     287.1     287.2     287.4     287.5     287.5     287.6
     287.7     287.8     288.0     288.5     289.0
  ABSOLUTE TANGENTIAL VELOCITY 
   54.1162   54.9613   55.8064   56.2787   56.5565   56.7681   56.9443   57.0970
   57.2456   57.3974   57.5564   57.7267   57.9080   58.0974   58.2788   58.4275
   58.5251   58.5630   58.5368   58.4446   58.2839   58.0528   57.7582   57.4296
   57.0986   56.7829   56.4908   56.2245   55.9821   55.7671   55.5657   55.3715
   55.2161   55.1006   54.6339   53.4201   52.2064
  MERIDIONAL VELOCITY 
  144.3102  146.5638  148.8174  150.0770  150.8178  151.3820  151.8517  152.2589
  152.6552  153.0602  153.4842  153.9382  154.4218  154.9268  155.4104  155.8070
  156.0674  156.1686  156.0984  155.8528  155.4240  154.8078  154.0221  153.1460
  152.2633  151.4214  150.6426  149.9323  149.2859  148.7125  148.1755  147.6577
  147.2434  146.9354  145.6907  142.4540  139.2172
  YAW ANGLE 
   20.5560   20.5560   20.5560   20.5560   20.5560   20.5560   20.5560   20.5560
   20.5560   20.5560   20.5560   20.5560   20.5560   20.5560   20.5560   20.5560
   20.5560   20.5560   20.5560   20.5560   20.5560   20.5560   20.5560   20.5560
   20.5560   20.5560   20.5560   20.5560   20.5560   20.5560   20.5560   20.5560
   20.5560   20.5560   20.5560   20.5560   20.5560
  PITCH ANGLE 
    0.1515    0.1505    0.1496    0.1483    0.1466    0.1445    0.1419    0.1385
    0.1343    0.1291    0.1225    0.1143    0.1041    0.0914    0.0760    0.0590
    0.0411    0.0228    0.0043   -0.0143   -0.0330   -0.0517   -0.0700   -0.0868
   -0.1014   -0.1136   -0.1236   -0.1317   -0.1383   -0.1436   -0.1479   -0.1513
   -0.1541   -0.1562   -0.1580   -0.1594   -0.1608
  SPANWISE GRID SPACING 
  0.002995  0.003744  0.004680  0.005849  0.007312  0.009140  0.011425  0.014281
  0.017851  0.022314  0.027892  0.034865  0.043582  0.054477  0.059898  0.059898
  0.059898  0.059898  0.059898  0.059898  0.059898  0.059898  0.054477  0.043582
  0.034865  0.027892  0.022314  0.017851  0.014281  0.011425  0.009140  0.007312
  0.005849  0.004680  0.003744  0.002995
  PITCHWISE GRID SPACING 
  0.002995  0.003744  0.004680  0.005849  0.007312  0.009140  0.011425  0.014281
  0.017851  0.022314  0.027892  0.034865  0.043582  0.054477  0.059898  0.059898
  0.059898  0.059898  0.059898  0.059898  0.059898  0.059898  0.054477  0.043582
  0.034865  0.027892  0.022314  0.017851  0.014281  0.011425  0.009140  0.007312
  0.005849  0.004680  0.003744  0.002995
  SPANWISE GRID POSITIONS
  0.000000  0.002995  0.006739  0.011418  0.017268  0.024579  0.033719  0.045144
  0.059425  0.077276  0.099590  0.127482  0.162348  0.205929  0.260407  0.320305
  0.380203  0.440102  0.500000  0.559898  0.619797  0.679695  0.739594  0.794071
  0.837653  0.872518  0.900410  0.922724  0.940575  0.954856  0.966281  0.975421
  0.982733  0.988582  0.993262  0.997005  1.000000

  BLADE ROW NUMBER            2  JMIX =          222

  ROW NUMBER            1  JMIX  =           111
  EXIT FLOW CONDITIONS FROM THIS BLADE ROW
  THESE CAN BE USED AS THE INLET BOUNDARY CONDITIONS  FOR THE NEXT STAGE.

  STAGNATION PRESSURE 
  114792.4  118255.5  121718.6  124797.2  126983.2  128332.7  129027.0  129325.7
  129447.8  129504.4  129527.9  129520.8  129485.3  129426.2  129345.8  129250.7
  129147.3  129040.0  128930.8  128820.3  128709.4  128598.3  128490.6  128393.3
  128310.9  128240.9  128180.0  128136.2  128133.1  128186.5  128231.9  128078.3
  127410.8  125676.1  122556.9  118862.8  115168.7
  STATIC PRESSURE 
   97613.2   97675.8   97738.3   97775.9   97814.4   97866.0   97926.7   98002.5
   98095.7   98205.4   98332.2   98478.0   98645.1   98837.1   99049.6   99271.4
   99493.6   99712.9   99927.8  100137.5  100342.4  100541.8  100728.6  100889.6
  101017.1  101111.7  101178.0  101221.4  101245.4  101256.7  101261.4  101260.2
  101269.1  101276.4  101245.7  101190.4  101135.1
  STAGNATION TEMPERATURE 
     325.7     325.3     325.0     324.6     324.3     324.1     324.1     324.0
     324.0     324.0     323.9     323.8     323.8     323.7     323.7     323.6
     323.5     323.5     323.4     323.3     323.3     323.2     323.1     323.1
     323.0     323.0     323.0     323.1     323.1     323.1     323.1     323.1
     323.1     323.3     323.7     324.1     324.6
  STATIC TEMPERATURE 
     310.9     308.1     305.3     302.8     301.1     300.0     299.5     299.4
     299.3     299.4     299.4     299.5     299.6     299.7     299.9     300.1
     300.3     300.5     300.7     300.9     301.1     301.3     301.4     301.6
     301.7     301.8     301.9     302.0     302.1     302.1     302.0     302.1
     302.6     304.0     306.6     309.7     312.8
  ABSOLUTE TANGENTIAL VELOCITY 
  127.6495  135.1211  142.5928  148.4814  152.1698  154.2867  155.4319  156.0161
  156.2392  156.1838  155.9257  155.5205  154.9862  154.2990  153.4412  152.4472
  151.3636  150.2163  149.0181  147.7750  146.4870  145.1523  143.8024  142.5219
  141.3951  140.4737  139.7739  139.2527  138.8188  138.3973  137.9211  137.2763
  136.0437  132.8741  126.2789  117.3542  108.4295
  MERIDIONAL VELOCITY 
  117.4041  127.6004  137.7967  146.7677  153.1299  156.9189  158.6271  159.0311
  158.8771  158.5769  158.2146  157.7542  157.1814  156.5169  155.8048  155.1008
  154.4376  153.8265  153.2730  152.7778  152.3410  151.9694  151.6876  151.5232
  151.4666  151.4657  151.4749  151.5408  151.8167  152.3816  152.9738  152.8625
  150.8953  145.4220  135.2275  122.2769  109.3264
  YAW ANGLE 
   47.3195   46.6826   46.0457   45.3981   44.8693   44.5458   44.4333   44.4597
   44.5244   44.5665   44.5836   44.5920   44.5974   44.5913   44.5619   44.5052
   44.4233   44.3186   44.1922   44.0447   43.8758   43.6834   43.4690   43.2442
   43.0283   42.8421   42.6982   42.5795   42.4389   42.2466   42.0379   41.9250
   42.0404   42.4400   43.1102   43.9503   44.7903
  PITCH ANGLE 
    1.2617    1.4291    1.5965    1.7319    1.8291    1.9162    1.9874    2.0440
    2.0952    2.1378    2.1628    2.1547    2.0931    1.9541    1.7253    1.4168
    1.0498    0.6423    0.2108   -0.2299   -0.6671   -1.0865   -1.4639   -1.7693
   -1.9876   -2.1237   -2.1926   -2.2125   -2.2002   -2.1725   -2.1295   -2.0742
   -2.0115   -1.9045   -1.7391   -1.5560   -1.3728
  SPANWISE GRID SPACING 
  0.002995  0.003744  0.004680  0.005849  0.007312  0.009140  0.011425  0.014281
  0.017851  0.022314  0.027892  0.034865  0.043582  0.054477  0.059898  0.059898
  0.059898  0.059898  0.059898  0.059898  0.059898  0.059898  0.054477  0.043582
  0.034865  0.027892  0.022314  0.017851  0.014281  0.011425  0.009140  0.007312
  0.005849  0.004680  0.003744  0.002995
  PITCHWISE GRID SPACING 
  0.002995  0.003744  0.004680  0.005849  0.007312  0.009140  0.011425  0.014281
  0.017851  0.022314  0.027892  0.034865  0.043582  0.054477  0.059898  0.059898
  0.059898  0.059898  0.059898  0.059898  0.059898  0.059898  0.054477  0.043582
  0.034865  0.027892  0.022314  0.017851  0.014281  0.011425  0.009140  0.007312
  0.005849  0.004680  0.003744  0.002995
  SPANWISE GRID POSITIONS
  0.000000  0.002995  0.006739  0.011418  0.017268  0.024579  0.033719  0.045144
  0.059425  0.077276  0.099590  0.127482  0.162348  0.205929  0.260407  0.320305
  0.380203  0.440102  0.500000  0.559898  0.619797  0.679695  0.739594  0.794071
  0.837653  0.872518  0.900410  0.922724  0.940575  0.954856  0.966281  0.975421
  0.982733  0.988582  0.993262  0.997005  1.000000

  BLADE ROW NUMBER            3  JMIX =            0

  ROW NUMBER            2  JMIX  =           222
  EXIT FLOW CONDITIONS FROM THIS BLADE ROW
  THESE CAN BE USED AS THE INLET BOUNDARY CONDITIONS  FOR THE NEXT STAGE.

  STAGNATION PRESSURE 
  117013.5  118457.6  119901.6  121406.2  122850.9  124262.3  125663.0  126907.8
  127770.9  128195.0  128339.8  128384.1  128397.1  128378.4  128325.8  128253.2
  128173.0  128088.0  127996.5  127899.0  127799.7  127703.0  127607.5  127504.3
  127397.3  127329.7  127347.1  127362.2  127133.5  126500.8  125543.5  124439.3
  123256.9  121942.9  120368.7  118644.6  116920.5
  STATIC PRESSURE 
  109129.1  109129.1  109129.0  109129.0  109129.0  109129.1  109129.2  109129.4
  109129.5  109129.5  109129.4  109129.4  109129.3  109129.3  109129.2  109129.2
  109129.1  109129.1  109129.1  109129.1  109129.0  109129.0  109129.0  109128.9
  109128.9  109128.9  109128.9  109128.9  109128.9  109128.9  109129.0  109129.0
  109129.1  109129.2  109129.3  109129.4  109129.5
  STAGNATION TEMPERATURE 
     324.6     324.6     324.5     324.4     324.4     324.3     324.2     324.1
     324.0     324.0     323.9     323.9     323.8     323.7     323.7     323.6
     323.5     323.5     323.4     323.3     323.3     323.2     323.1     323.1
     323.0     323.0     323.0     323.1     323.1     323.2     323.2     323.3
     323.4     323.4     323.5     323.6     323.6
  STATIC TEMPERATURE 
     318.2     317.1     315.9     314.7     313.6     312.5     311.4     310.5
     309.8     309.4     309.3     309.2     309.1     309.1     309.0     309.0
     309.0     309.0     309.0     309.0     309.0     309.0     309.0     309.0
     309.1     309.1     309.1     309.1     309.3     309.8     310.6     311.4
     312.3     313.4     314.6     316.0     317.3
  ABSOLUTE TANGENTIAL VELOCITY 
   43.3942   47.3257   51.2573   55.3602   59.3251   63.1911   66.9405   70.0834
   71.9746   72.5204   72.2367   71.6392   70.9162   70.0766   69.1499   68.2192
   67.3390   66.5160   65.7462   65.0338   64.3922   63.8353   63.3682   62.9820
   62.7001   62.6516   62.9422   63.2430   62.7711   61.0320   58.2919   55.1383
   51.8462   48.3423   44.3506   40.0308   35.7109
  MERIDIONAL VELOCITY 
  105.0842  112.5781  120.0720  127.2935  133.7076  139.4953  144.8523  149.4376
  152.6794  154.4815  155.3538  155.8683  156.2686  156.5661  156.7440  156.8260
  156.8439  156.8090  156.7184  156.5735  156.3875  156.1736  155.9232  155.6041
  155.2296  154.9419  154.8937  154.8241  153.9652  151.7298  148.2508  144.0233
  139.1746  133.3054  125.4584  115.9232  106.3880
  YAW ANGLE 
   22.6501   22.9307   23.2112   23.5657   23.9625   24.3862   24.8034   25.1187
   25.2322   25.1409   24.9311   24.6776   24.4028   24.1070   23.8002   23.5042
   23.2311   22.9815   22.7545   22.5513   22.3745   22.2268   22.1112   22.0292
   21.9871   22.0080   22.1063   22.2123   22.1767   21.9082   21.4574   20.9403
   20.4251   19.9301   19.4673   19.0519   18.6366
  PITCH ANGLE 
    0.6373    0.6813    0.7254    0.7816    0.8513    0.9363    1.0364    1.1458
    1.2527    1.3448    1.4158    1.4627    1.4768    1.4416    1.3441    1.1877
    0.9879    0.7597    0.5167    0.2709    0.0338   -0.1832   -0.3658   -0.5017
   -0.5904   -0.6418   -0.6669   -0.6710   -0.6552   -0.6235   -0.5840   -0.5450
   -0.5116   -0.4854   -0.4669   -0.4466   -0.4264
  SPANWISE GRID SPACING 
  0.002995  0.003744  0.004680  0.005849  0.007312  0.009140  0.011425  0.014281
  0.017851  0.022314  0.027892  0.034865  0.043582  0.054477  0.059898  0.059898
  0.059898  0.059898  0.059898  0.059898  0.059898  0.059898  0.054477  0.043582
  0.034865  0.027892  0.022314  0.017851  0.014281  0.011425  0.009140  0.007312
  0.005849  0.004680  0.003744  0.002995
  PITCHWISE GRID SPACING 
  0.002995  0.003744  0.004680  0.005849  0.007312  0.009140  0.011425  0.014281
  0.017851  0.022314  0.027892  0.034865  0.043582  0.054477  0.059898  0.059898
  0.059898  0.059898  0.059898  0.059898  0.059898  0.059898  0.054477  0.043582
  0.034865  0.027892  0.022314  0.017851  0.014281  0.011425  0.009140  0.007312
  0.005849  0.004680  0.003744  0.002995
  SPANWISE GRID POSITIONS
  0.000000  0.002995  0.006739  0.011418  0.017268  0.024579  0.033719  0.045144
  0.059425  0.077276  0.099590  0.127482  0.162348  0.205929  0.260407  0.320305
  0.380203  0.440102  0.500000  0.559898  0.619797  0.679695  0.739594  0.794071
  0.837653  0.872518  0.900410  0.922724  0.940575  0.954856  0.966281  0.975421
  0.982733  0.988582  0.993262  0.997005  1.000000
