 DATA SET FOR "multall" . GENERATED BY "stagen" .                       
    CP   and   GAMMA 
 2499.0386    1.1300
       ITIMST 
         3
     CFL,    DAMP,    MACHLIM,    F_PDOWN 
  0.400000 20.000000  2.000000  0.100000
  IF_RESTART 
         0
  NSTEPS_MAX, CONLIM 
     25000  0.000100
   SFX,      SFT,      FAC_4TH,     NCHANGE 
  0.005000  0.005000  0.800000      1000
       NUMBER OF BLADE ROWS 
         2
        IM        KM 
        37        37
  FP(I),I=1,IMM1 
  1.000000  1.250000  1.562500  1.953125  2.441406  3.051758  3.814697  4.768372
  5.960464  7.450581  9.313226 11.641532 14.551915 18.189894 20.000000 20.000000
 20.000000 20.000000 20.000000 20.000000 20.000000 20.000000 18.189894 14.551915
 11.641532  9.313226  7.450581  5.960464  4.768372  3.814697  3.051758  2.441406
  1.953125  1.562500  1.250000  1.000000
  FR(K),K=1,KMM1 
  1.000000  1.250000  1.562500  1.953125  2.441406  3.051758  3.814697  4.768372
  5.960464  7.450581  9.313226 11.641532 14.551915 18.189894 20.000000 20.000000
 20.000000 20.000000 20.000000 20.000000 20.000000 20.000000 18.189894 14.551915
 11.641532  9.313226  7.450581  5.960464  4.768372  3.814697  3.051758  2.441406
  1.953125  1.562500  1.250000  1.000000
        IR        JR        KR        IRBB      JRBB      KRBB 
         3         3         3         9         9         9
   FBLK1,     FBLK2,     FBLK3  
  0.400000  0.200000  0.100000
       IFMIX 
         1
   RFMIX,    FEXTRAP,   FSMTHB,    FANGLE 
  0.025000  0.800000  1.000000  0.800000
      IFCOOL    IFBLEED    IF_ROUGH 
         0         0         0
       NSECS_IN 
         3
       IN_PRESS  IN_VTAN   IN_VR    IN_FLOW  IF_REPEAT  RFIN 
         0         0         1         0         0   0.50000
  IPOUT  SFEXIT  NSFEXIT 
    1  0.000000    0
  PLATE_LOSS  THROTTLE_EXIT 
  0.000000  0.000000
        ILOS      NLOS      IBOUND 
        10         5         0
   REYNO,     RF_VIS,   FTRANS, TURBVIS_LIM, PRANDTL, YPLUSWALL
  800000.0     0.500     0.000  3000.000       1.0     0.000
   YPLAM      YPTURB 
  5.000000 25.000000
      ISHIFT    NEXTRAP_LE  NEXTRAP_TE 
         2        10        10
  (NSTG(N),N=1,NROWS) 
         1         1
  5  TIME STEPS FOR PRINTOUT 
      5000     10000     15000     20000     25000
  MARKER FOR VARIABLES TO BE SENT TO THE OUTPUT FILE.
 0 0 0 0 0 0 0 0 0 0 0 0 0 0 0 0 0 0 0 0
  STREAM SURFACES ON WHICH RESULTS ARE TO BE SENT TO   THE OUTPUT FILE 
 0 0 0 0 0 0 0 0 0 0 0 0 0 0 0 0 0 0 0 0 0 0 0 0 0 0 0 0 0 0 0 0 0 0 0 0 0
 ***************************************************************
 ************STARTING THE INPUT FOR EACH BLADE ROW**************
  BLADE ROW NUMBER =        1                                           
    NUMBER OF BLADES IN ROW 
        49
        JM        JLE       JTE 
       111        26        96
      KTIPSTART  KTIPEND 
         0         0
       BOUNDARY LAYER TRANSITION POINTS 
         0         0         0         0
  SET NEWGRID= 1 TO GENERATE A NEW GRID WITH DIFFERENT "J" POINTS AND SPACINGS.
         0
   RPMROW,    RPMHUB 
    5000.0    5000.0
       JROTHS    JROTHE    JROTTS    JROTTE 
         1         1         1         1
   PUPROW    PLEROW   PTEROW    PDROW 
   84814.6   84814.6   99029.6   99029.6
      NSECS_ROW   INSURF  
         3         0
  IF_CUSP_OUT   IFANGLES 
         1         0
         0         3         0
 ***************************************************************
  ROW NUMBER           1  SECTION NUMBER            1
           0           0           0  IF_DESIGN etc 
   1.00000   0.00000    0
 -0.028652 -0.025568 -0.022819 -0.020368 -0.018182 -0.016234 -0.014497 -0.012948
 -0.011568 -0.010337 -0.009239 -0.008261 -0.007389 -0.006611 -0.005918 -0.005300
 -0.004749 -0.004257 -0.003819 -0.003429 -0.003080 -0.002770 -0.002493 -0.002246
 -0.002026 -0.001830 -0.001634 -0.001430 -0.001215 -0.000991 -0.000754 -0.000506
 -0.000244  0.000031  0.000321  0.000626  0.000948  0.001287  0.001643  0.002019
  0.002414  0.002828  0.003263  0.003719  0.004198  0.004701  0.005229  0.005785
  0.006368  0.006980  0.007625  0.008304  0.009020  0.009776  0.010581  0.011446
  0.012373  0.013361  0.014408  0.015509  0.016658  0.017838  0.019029  0.020225
  0.021421  0.022612  0.023796  0.024971  0.026145  0.027324  0.028506  0.029690
  0.030874  0.032055  0.033229  0.034387  0.035522  0.036631  0.037711  0.038760
  0.039777  0.040761  0.041717  0.042644  0.043543  0.044414  0.045256  0.046070
  0.046857  0.047614  0.048344  0.049045  0.049718  0.050363  0.050980  0.051568
  0.052157  0.052779  0.053437  0.054132  0.054868  0.055645  0.056467  0.057335
  0.058254  0.059225  0.060251  0.061336  0.062483  0.063696  0.064976
  1.000000  0.000000
  0.051684  0.048020  0.044754  0.041843  0.039247  0.036933  0.034870  0.033031
  0.031391  0.029929  0.028625  0.027463  0.026426  0.025502  0.024678  0.023944
  0.023289  0.022705  0.022184  0.021720  0.021306  0.020937  0.020608  0.020314
  0.020053  0.019819  0.020168  0.020131  0.020041  0.019915  0.019753  0.019552
  0.019317  0.019061  0.018790  0.018504  0.018202  0.017883  0.017548  0.017196
  0.016827  0.016440  0.016036  0.015614  0.015172  0.014711  0.014229  0.013725
  0.013200  0.012653  0.012081  0.011483  0.010858  0.010204  0.009514  0.008780
  0.008002  0.007183  0.006325  0.005436  0.004521  0.003597  0.002678  0.001770
  0.000876  0.000000 -0.000857 -0.001695 -0.002518 -0.003330 -0.004132 -0.004920
 -0.005695 -0.006454 -0.007196 -0.007914 -0.008605 -0.009268 -0.009903 -0.010509
 -0.011086 -0.011636 -0.012161 -0.012661 -0.013139 -0.013595 -0.014029 -0.014441
 -0.014834 -0.015207 -0.015561 -0.015896 -0.016213 -0.016513 -0.016796 -0.017328
 -0.017525 -0.017733 -0.017953 -0.018186 -0.018432 -0.018692 -0.018967 -0.019258
 -0.019565 -0.019889 -0.020233 -0.020595 -0.020979 -0.021384 -0.021813
  1.000000
  0.000000  0.000000  0.000000  0.000000  0.000000  0.000000  0.000000  0.000000
  0.000000  0.000000  0.000000  0.000000  0.000000  0.000000  0.000000  0.000000
  0.000000  0.000000  0.000000  0.000000  0.000000  0.000000  0.000000  0.000000
  0.000000  0.000000  0.001101  0.001431  0.001664  0.001864  0.002037  0.002182
  0.002304  0.002418  0.002531  0.002644  0.002756  0.002868  0.002980  0.003091
  0.003202  0.003312  0.003421  0.003529  0.003635  0.003741  0.003845  0.003947
  0.004047  0.004144  0.004239  0.004330  0.004418  0.004502  0.004581  0.004656
  0.004725  0.004785  0.004838  0.004877  0.004903  0.004917  0.004914  0.004898
  0.004868  0.004826  0.004771  0.004705  0.004627  0.004539  0.004439  0.004328
  0.004207  0.004077  0.003937  0.003791  0.003640  0.003483  0.003322  0.003159
  0.002994  0.002829  0.002663  0.002497  0.002331  0.002166  0.002002  0.001840
  0.001680  0.001523  0.001369  0.001218  0.001071  0.000927  0.000784  0.000000
  0.000000  0.000000  0.000000  0.000000  0.000000  0.000000  0.000000  0.000000
  0.000000  0.000000  0.000000  0.000000  0.000000  0.000000  0.000000
  1.000000  0.000000
  0.449493  0.449534  0.449579  0.449627  0.449676  0.449725  0.449773  0.449819
  0.449862  0.449904  0.449942  0.449978  0.450011  0.450042  0.450070  0.450095
  0.450119  0.450140  0.450159  0.450176  0.450192  0.450206  0.450219  0.450230
  0.450241  0.450250  0.450266  0.450283  0.450301  0.450319  0.450339  0.450360
  0.450383  0.450406  0.450432  0.450459  0.450487  0.450518  0.450550  0.450584
  0.450621  0.450660  0.450701  0.450745  0.450792  0.450841  0.450894  0.450949
  0.451009  0.451072  0.451139  0.451211  0.451287  0.451369  0.451457  0.451552
  0.451656  0.451767  0.451886  0.452013  0.452146  0.452283  0.452422  0.452563
  0.452703  0.452843  0.452982  0.453119  0.453255  0.453391  0.453526  0.453660
  0.453793  0.453923  0.454050  0.454174  0.454292  0.454405  0.454513  0.454616
  0.454712  0.454803  0.454889  0.454970  0.455046  0.455117  0.455183  0.455246
  0.455303  0.455357  0.455407  0.455453  0.455495  0.455534  0.455569  0.455602
  0.455628  0.455655  0.455683  0.455711  0.455741  0.455772  0.455803  0.455835
  0.455868  0.455901  0.455934  0.455969  0.456005  0.456043  0.456098
 ***************************************************************
  ROW NUMBER           1  SECTION NUMBER            2
           0           0           0  IF_DESIGN etc 
   1.00000   0.00000    0
 -0.025390 -0.022511 -0.019944 -0.017655 -0.015615 -0.013796 -0.012173 -0.010727
 -0.009438 -0.008288 -0.007263 -0.006349 -0.005534 -0.004807 -0.004159 -0.003582
 -0.003067 -0.002608 -0.002198 -0.001833 -0.001508 -0.001218 -0.000959 -0.000728
 -0.000523 -0.000339 -0.000156  0.000036  0.000237  0.000448  0.000669  0.000902
  0.001147  0.001405  0.001677  0.001963  0.002265  0.002582  0.002917  0.003269
  0.003639  0.004028  0.004436  0.004864  0.005313  0.005785  0.006281  0.006802
  0.007349  0.007924  0.008529  0.009166  0.009839  0.010548  0.011304  0.012117
  0.012987  0.013915  0.014898  0.015932  0.017012  0.018120  0.019239  0.020362
  0.021485  0.022604  0.023716  0.024820  0.025923  0.027030  0.028140  0.029252
  0.030364  0.031472  0.032575  0.033662  0.034727  0.035767  0.036780  0.037764
  0.038718  0.039641  0.040537  0.041406  0.042249  0.043065  0.043854  0.044617
  0.045353  0.046062  0.046745  0.047402  0.048032  0.048635  0.049212  0.049762
  0.050312  0.050894  0.051508  0.052158  0.052845  0.053571  0.054339  0.055151
  0.056009  0.056915  0.057874  0.058888  0.059959  0.061091  0.062289
  1.000000  0.000000
  0.058019  0.054019  0.050452  0.047273  0.044437  0.041910  0.039656  0.037646
  0.035855  0.034257  0.032833  0.031563  0.030431  0.029421  0.028521  0.027719
  0.027003  0.026365  0.025796  0.025289  0.024837  0.024434  0.024074  0.023754
  0.023468  0.023213  0.023569  0.023519  0.023413  0.023268  0.023087  0.022865
  0.022605  0.022319  0.022016  0.021696  0.021357  0.021000  0.020624  0.020227
  0.019811  0.019374  0.018917  0.018437  0.017936  0.017410  0.016860  0.016284
  0.015682  0.015052  0.014392  0.013700  0.012975  0.012214  0.011409  0.010549
  0.009634  0.008666  0.007650  0.006591  0.005496  0.004384  0.003273  0.002169
  0.001077  0.000000 -0.001059 -0.002099 -0.003126 -0.004146 -0.005158 -0.006160
 -0.007150 -0.008127 -0.009087 -0.010023 -0.010930 -0.011806 -0.012650 -0.013460
 -0.014238 -0.014983 -0.015699 -0.016386 -0.017046 -0.017679 -0.018286 -0.018868
 -0.019424 -0.019956 -0.020463 -0.020947 -0.021408 -0.021845 -0.022261 -0.022900
 -0.023221 -0.023561 -0.023921 -0.024300 -0.024702 -0.025126 -0.025575 -0.026050
 -0.026551 -0.027081 -0.027642 -0.028234 -0.028861 -0.029523 -0.030223
  1.000000
  0.000000  0.000000  0.000000  0.000000  0.000000  0.000000  0.000000  0.000000
  0.000000  0.000000  0.000000  0.000000  0.000000  0.000000  0.000000  0.000000
  0.000000  0.000000  0.000000  0.000000  0.000000  0.000000  0.000000  0.000000
  0.000000  0.000000  0.001147  0.001484  0.001727  0.001935  0.002119  0.002274
  0.002405  0.002525  0.002643  0.002761  0.002878  0.002995  0.003112  0.003228
  0.003343  0.003458  0.003572  0.003685  0.003796  0.003906  0.004015  0.004122
  0.004226  0.004328  0.004427  0.004522  0.004614  0.004701  0.004784  0.004862
  0.004934  0.004997  0.005050  0.005091  0.005119  0.005132  0.005129  0.005113
  0.005081  0.005037  0.004980  0.004911  0.004830  0.004739  0.004635  0.004520
  0.004393  0.004257  0.004111  0.003958  0.003798  0.003634  0.003467  0.003296
  0.003124  0.002952  0.002779  0.002605  0.002432  0.002261  0.002090  0.001920
  0.001753  0.001589  0.001428  0.001270  0.001116  0.000966  0.000806  0.000000
  0.000000  0.000000  0.000000  0.000000  0.000000  0.000000  0.000000  0.000000
  0.000000  0.000000  0.000000  0.000000  0.000000  0.000000  0.000000
  1.000000  0.000000
  0.499995  0.499990  0.499985  0.499980  0.499976  0.499973  0.499969  0.499966
  0.499963  0.499961  0.499959  0.499957  0.499955  0.499953  0.499952  0.499951
  0.499950  0.499949  0.499948  0.499947  0.499947  0.499946  0.499946  0.499945
  0.499945  0.499945  0.499944  0.499944  0.499944  0.499944  0.499945  0.499945
  0.499945  0.499945  0.499946  0.499946  0.499946  0.499947  0.499947  0.499947
  0.499948  0.499948  0.499949  0.499950  0.499950  0.499951  0.499952  0.499952
  0.499953  0.499954  0.499955  0.499957  0.499958  0.499959  0.499961  0.499962
  0.499964  0.499966  0.499968  0.499971  0.499973  0.499976  0.499978  0.499981
  0.499984  0.499986  0.499989  0.499991  0.499994  0.499996  0.499998  0.500001
  0.500003  0.500005  0.500007  0.500009  0.500010  0.500012  0.500013  0.500014
  0.500015  0.500016  0.500017  0.500017  0.500018  0.500018  0.500018  0.500018
  0.500018  0.500018  0.500018  0.500017  0.500017  0.500016  0.500016  0.500015
  0.500014  0.500012  0.500011  0.500009  0.500008  0.500006  0.500005  0.500004
  0.500003  0.500003  0.500004  0.500004  0.500006  0.500008  0.500011
 ***************************************************************
  ROW NUMBER           1  SECTION NUMBER            3
           0           0           0  IF_DESIGN etc 
   1.00000   0.00000    0
 -0.022372 -0.019666 -0.017253 -0.015102 -0.013184 -0.011475 -0.009951 -0.008592
 -0.007381 -0.006301 -0.005338 -0.004480 -0.003715 -0.003032 -0.002424 -0.001882
 -0.001399 -0.000967 -0.000583 -0.000241  0.000065  0.000337  0.000580  0.000796
  0.000989  0.001162  0.001333  0.001512  0.001700  0.001897  0.002104  0.002322
  0.002551  0.002792  0.003046  0.003314  0.003596  0.003893  0.004205  0.004534
  0.004880  0.005243  0.005624  0.006024  0.006444  0.006885  0.007348  0.007834
  0.008345  0.008882  0.009447  0.010042  0.010669  0.011332  0.012037  0.012796
  0.013608  0.014474  0.015391  0.016356  0.017363  0.018397  0.019441  0.020489
  0.021537  0.022581  0.023618  0.024648  0.025677  0.026710  0.027746  0.028784
  0.029822  0.030857  0.031887  0.032902  0.033897  0.034868  0.035815  0.036735
  0.037627  0.038490  0.039327  0.040140  0.040928  0.041692  0.042431  0.043145
  0.043834  0.044499  0.045139  0.045754  0.046344  0.046910  0.047451  0.047967
  0.048483  0.049029  0.049606  0.050216  0.050862  0.051544  0.052265  0.053027
  0.053833  0.054685  0.055585  0.056537  0.057544  0.058608  0.059733
  1.000000  0.000000
  0.063376  0.059086  0.055261  0.051850  0.048808  0.046096  0.043678  0.041522
  0.039600  0.037886  0.036358  0.034995  0.033780  0.032697  0.031731  0.030870
  0.030102  0.029418  0.028808  0.028264  0.027778  0.027346  0.026960  0.026616
  0.026310  0.026036  0.026404  0.026346  0.026227  0.026067  0.025871  0.025633
  0.025353  0.025042  0.024712  0.024363  0.023994  0.023604  0.023193  0.022759
  0.022303  0.021824  0.021321  0.020794  0.020242  0.019662  0.019055  0.018417
  0.017750  0.017051  0.016318  0.015548  0.014739  0.013888  0.012986  0.012020
  0.010991  0.009899  0.008750  0.007550  0.006305  0.005036  0.003765  0.002499
  0.001242  0.000000 -0.001225 -0.002433 -0.003629 -0.004821 -0.006007 -0.007185
 -0.008353 -0.009509 -0.010649 -0.011763 -0.012847 -0.013897 -0.014912 -0.015891
 -0.016832 -0.017737 -0.018609 -0.019449 -0.020259 -0.021037 -0.021786 -0.022505
 -0.023195 -0.023857 -0.024490 -0.025095 -0.025672 -0.026223 -0.026747 -0.027505
 -0.027927 -0.028374 -0.028846 -0.029345 -0.029873 -0.030431 -0.031020 -0.031644
 -0.032303 -0.033000 -0.033736 -0.034515 -0.035338 -0.036209 -0.037129
  1.000000
  0.000000  0.000000  0.000000  0.000000  0.000000  0.000000  0.000000  0.000000
  0.000000  0.000000  0.000000  0.000000  0.000000  0.000000  0.000000  0.000000
  0.000000  0.000000  0.000000  0.000000  0.000000  0.000000  0.000000  0.000000
  0.000000  0.000000  0.001197  0.001544  0.001798  0.002018  0.002212  0.002379
  0.002519  0.002644  0.002768  0.002893  0.003016  0.003138  0.003260  0.003382
  0.003503  0.003623  0.003742  0.003860  0.003977  0.004093  0.004206  0.004318
  0.004427  0.004534  0.004638  0.004738  0.004834  0.004926  0.005012  0.005094
  0.005169  0.005235  0.005291  0.005334  0.005363  0.005376  0.005374  0.005356
  0.005324  0.005277  0.005217  0.005145  0.005060  0.004963  0.004854  0.004733
  0.004600  0.004458  0.004305  0.004146  0.003979  0.003807  0.003631  0.003453
  0.003272  0.003092  0.002910  0.002728  0.002547  0.002366  0.002187  0.002010
  0.001835  0.001662  0.001494  0.001328  0.001167  0.001010  0.000832  0.000000
  0.000000  0.000000  0.000000  0.000000  0.000000  0.000000  0.000000  0.000000
  0.000000  0.000000  0.000000  0.000000  0.000000  0.000000  0.000000
  1.000000  0.000000
  0.550434  0.550386  0.550336  0.550285  0.550234  0.550184  0.550135  0.550089
  0.550045  0.550004  0.549966  0.549931  0.549898  0.549868  0.549841  0.549816
  0.549793  0.549772  0.549753  0.549736  0.549721  0.549707  0.549695  0.549684
  0.549674  0.549665  0.549656  0.549646  0.549636  0.549617  0.549596  0.549575
  0.549552  0.549528  0.549503  0.549476  0.549447  0.549416  0.549384  0.549349
  0.549313  0.549274  0.549233  0.549189  0.549143  0.549094  0.549042  0.548986
  0.548928  0.548866  0.548799  0.548729  0.548654  0.548574  0.548488  0.548395
  0.548294  0.548186  0.548070  0.547947  0.547818  0.547685  0.547551  0.547415
  0.547280  0.547145  0.547011  0.546879  0.546747  0.546616  0.546486  0.546357
  0.546230  0.546104  0.545981  0.545862  0.545747  0.545638  0.545533  0.545434
  0.545340  0.545251  0.545168  0.545089  0.545014  0.544944  0.544879  0.544817
  0.544760  0.544706  0.544657  0.544611  0.544568  0.544529  0.544493  0.544459
  0.544427  0.544400  0.544371  0.544342  0.544312  0.544282  0.544251  0.544219
  0.544187  0.544155  0.544124  0.544093  0.544062  0.544031  0.544000
 ***************************************************************
 ************STARTING THE INPUT FOR EACH BLADE ROW**************
  BLADE ROW NUMBER =        2                                           
    NUMBER OF BLADES IN ROW 
        88
        JM        JLE       JTE 
       111        21        91
      KTIPSTART  KTIPEND 
         0         0
       BOUNDARY LAYER TRANSITION POINTS 
         0         0         0         0
  SET NEWGRID= 1 TO GENERATE A NEW GRID WITH DIFFERENT "J" POINTS AND SPACINGS.
         0
   RPMROW,    RPMHUB 
       0.0       0.0
       JROTHS    JROTHE    JROTTS    JROTTE 
         1         1         1         1
   PUPROW    PLEROW   PTEROW    PDROW 
   99029.6   99029.6  109119.3  109119.3
      NSECS_ROW   INSURF  
         3         0
  IF_CUSP_OUT   IFANGLES 
         1         0
         0         3         0
 ***************************************************************
  ROW NUMBER           2  SECTION NUMBER            1
           0           0           0  IF_DESIGN etc 
   1.00000   0.00000    0
  0.054732  0.055815  0.056786  0.057657  0.058438  0.059138  0.059766  0.060328
  0.060833  0.061285  0.061691  0.062054  0.062380  0.062672  0.062934  0.063169
  0.063380  0.063569  0.063738  0.063890  0.064026  0.064162  0.064304  0.064453
  0.064609  0.064774  0.064946  0.065128  0.065319  0.065521  0.065733  0.065957
  0.066192  0.066440  0.066701  0.066975  0.067263  0.067566  0.067883  0.068216
  0.068565  0.068933  0.069319  0.069724  0.070150  0.070598  0.071070  0.071568
  0.072093  0.072653  0.073255  0.073899  0.074586  0.075314  0.076079  0.076878
  0.077698  0.078526  0.079358  0.080189  0.081017  0.081839  0.082656  0.083472
  0.084291  0.085112  0.085935  0.086757  0.087578  0.088393  0.089198  0.089986
  0.090755  0.091505  0.092233  0.092939  0.093622  0.094285  0.094928  0.095551
  0.096155  0.096740  0.097304  0.097849  0.098375  0.098880  0.099366  0.099833
  0.100279  0.100707  0.101114  0.101522  0.101963  0.102438  0.102952  0.103506
  0.104105  0.104751  0.105449  0.106202  0.107015  0.107893  0.108840  0.109864
  0.110968  0.112161  0.113448  0.114838  0.116339  0.117959  0.119708
  1.000000  0.000000
 -0.027770 -0.026550 -0.025457 -0.024477 -0.023597 -0.022809 -0.022102 -0.021469
 -0.020900 -0.020391 -0.019934 -0.019525 -0.019157 -0.018828 -0.018533 -0.018268
 -0.018031 -0.017818 -0.017628 -0.017457 -0.017303 -0.016831 -0.016582 -0.016363
 -0.016145 -0.015919 -0.015685 -0.015443 -0.015190 -0.014928 -0.014654 -0.014370
 -0.014075 -0.013768 -0.013449 -0.013118 -0.012775 -0.012421 -0.012055 -0.011676
 -0.011285 -0.010880 -0.010462 -0.010031 -0.009585 -0.009125 -0.008650 -0.008159
 -0.007652 -0.007124 -0.006569 -0.005989 -0.005388 -0.004769 -0.004138 -0.003501
 -0.002868 -0.002252 -0.001656 -0.001081 -0.000528  0.000000  0.000505  0.000990
  0.001458  0.001907  0.002339  0.002752  0.003144  0.003517  0.003866  0.004192
  0.004495  0.004774  0.005032  0.005269  0.005486  0.005685  0.005868  0.006035
  0.006188  0.006327  0.006453  0.006567  0.006670  0.006763  0.006847  0.006922
  0.006988  0.007044  0.006864  0.006988  0.007122  0.007266  0.007422  0.007590
  0.007772  0.007969  0.008180  0.008409  0.008656  0.008922  0.009210  0.009521
  0.009856  0.010218  0.010609  0.011030  0.011486  0.011977  0.012507
  1.000000
  0.000000  0.000000  0.000000  0.000000  0.000000  0.000000  0.000000  0.000000
  0.000000  0.000000  0.000000  0.000000  0.000000  0.000000  0.000000  0.000000
  0.000000  0.000000  0.000000  0.000000  0.000000  0.000680  0.000913  0.001080
  0.001221  0.001345  0.001453  0.001549  0.001642  0.001736  0.001832  0.001929
  0.002028  0.002128  0.002230  0.002333  0.002438  0.002544  0.002650  0.002757
  0.002865  0.002974  0.003082  0.003191  0.003299  0.003407  0.003514  0.003619
  0.003722  0.003824  0.003924  0.004020  0.004112  0.004196  0.004270  0.004334
  0.004384  0.004419  0.004440  0.004446  0.004438  0.004417  0.004382  0.004334
  0.004273  0.004200  0.004114  0.004016  0.003906  0.003784  0.003652  0.003512
  0.003365  0.003212  0.003054  0.002893  0.002729  0.002564  0.002396  0.002226
  0.002056  0.001886  0.001717  0.001548  0.001382  0.001217  0.001055  0.000897
  0.000742  0.000587  0.000000  0.000000  0.000000  0.000000  0.000000  0.000000
  0.000000  0.000000  0.000000  0.000000  0.000000  0.000000  0.000000  0.000000
  0.000000  0.000000  0.000000  0.000000  0.000000  0.000000  0.000000
  1.000000  0.000000
  0.455736  0.455778  0.455815  0.455847  0.455874  0.455898  0.455919  0.455937
  0.455953  0.455968  0.455980  0.455992  0.456002  0.456011  0.456019  0.456027
  0.456033  0.456039  0.456044  0.456049  0.456053  0.456059  0.456066  0.456073
  0.456080  0.456088  0.456097  0.456106  0.456116  0.456126  0.456137  0.456149
  0.456161  0.456175  0.456189  0.456205  0.456221  0.456239  0.456258  0.456278
  0.456300  0.456323  0.456347  0.456374  0.456402  0.456432  0.456464  0.456499
  0.456537  0.456578  0.456622  0.456671  0.456724  0.456781  0.456842  0.456907
  0.456974  0.457044  0.457114  0.457185  0.457257  0.457328  0.457400  0.457472
  0.457544  0.457617  0.457690  0.457763  0.457835  0.457907  0.457978  0.458046
  0.458113  0.458177  0.458239  0.458298  0.458354  0.458409  0.458461  0.458510
  0.458558  0.458603  0.458646  0.458687  0.458726  0.458762  0.458797  0.458829
  0.458860  0.458889  0.458916  0.458931  0.458947  0.458964  0.458982  0.459000
  0.459020  0.459041  0.459062  0.459084  0.459108  0.459132  0.459156  0.459181
  0.459206  0.459232  0.459258  0.459283  0.459307  0.459331  0.459353
 ***************************************************************
  ROW NUMBER           2  SECTION NUMBER            2
           0           0           0  IF_DESIGN etc 
   1.00000   0.00000    0
  0.052627  0.053794  0.054840  0.055778  0.056619  0.057373  0.058049  0.058655
  0.059199  0.059686  0.060122  0.060514  0.060865  0.061180  0.061462  0.061715
  0.061942  0.062145  0.062328  0.062491  0.062638  0.062784  0.062937  0.063098
  0.063266  0.063443  0.063630  0.063825  0.064032  0.064249  0.064478  0.064719
  0.064973  0.065240  0.065521  0.065817  0.066128  0.066454  0.066796  0.067155
  0.067532  0.067929  0.068345  0.068782  0.069242  0.069725  0.070235  0.070772
  0.071339  0.071943  0.072593  0.073288  0.074030  0.074815  0.075642  0.076505
  0.077391  0.078285  0.079183  0.080080  0.080974  0.081863  0.082746  0.083627
  0.084512  0.085399  0.086288  0.087176  0.088062  0.088944  0.089812  0.090663
  0.091495  0.092304  0.093091  0.093853  0.094591  0.095307  0.096002  0.096675
  0.097327  0.097958  0.098567  0.099156  0.099723  0.100269  0.100793  0.101297
  0.101779  0.102240  0.102680  0.103119  0.103594  0.104106  0.104660  0.105257
  0.105901  0.106597  0.107349  0.108160  0.109036  0.109981  0.111001  0.112103
  0.113292  0.114576  0.115962  0.117459  0.119074  0.120818  0.122701
  1.000000  0.000000
 -0.027445 -0.026245 -0.025170 -0.024206 -0.023342 -0.022567 -0.021872 -0.021250
 -0.020691 -0.020191 -0.019742 -0.019339 -0.018979 -0.018655 -0.018365 -0.018105
 -0.017872 -0.017663 -0.017476 -0.017308 -0.017157 -0.016671 -0.016419 -0.016199
 -0.015982 -0.015757 -0.015525 -0.015283 -0.015032 -0.014770 -0.014499 -0.014216
 -0.013922 -0.013617 -0.013300 -0.012971 -0.012631 -0.012279 -0.011916 -0.011540
 -0.011151 -0.010750 -0.010335 -0.009907 -0.009465 -0.009009 -0.008539 -0.008052
 -0.007550 -0.007027 -0.006478 -0.005904 -0.005310 -0.004698 -0.004075 -0.003446
 -0.002823 -0.002215 -0.001628 -0.001062 -0.000519  0.000000  0.000495  0.000971
  0.001430  0.001870  0.002291  0.002693  0.003075  0.003438  0.003777  0.004093
  0.004385  0.004655  0.004904  0.005131  0.005340  0.005530  0.005705  0.005863
  0.006008  0.006139  0.006258  0.006365  0.006461  0.006548  0.006625  0.006693
  0.006754  0.006805  0.006606  0.006728  0.006860  0.007003  0.007157  0.007323
  0.007502  0.007696  0.007905  0.008131  0.008375  0.008638  0.008922  0.009229
  0.009560  0.009918  0.010303  0.010720  0.011170  0.011655  0.012179
  1.000000
  0.000000  0.000000  0.000000  0.000000  0.000000  0.000000  0.000000  0.000000
  0.000000  0.000000  0.000000  0.000000  0.000000  0.000000  0.000000  0.000000
  0.000000  0.000000  0.000000  0.000000  0.000000  0.000714  0.000960  0.001136
  0.001283  0.001413  0.001526  0.001626  0.001724  0.001822  0.001923  0.002025
  0.002128  0.002234  0.002341  0.002449  0.002559  0.002669  0.002781  0.002894
  0.003007  0.003121  0.003235  0.003349  0.003463  0.003575  0.003687  0.003798
  0.003906  0.004013  0.004118  0.004219  0.004315  0.004403  0.004481  0.004548
  0.004600  0.004638  0.004659  0.004666  0.004658  0.004635  0.004598  0.004548
  0.004486  0.004409  0.004318  0.004215  0.004098  0.003970  0.003832  0.003685
  0.003531  0.003371  0.003205  0.003036  0.002865  0.002691  0.002514  0.002336
  0.002158  0.001979  0.001801  0.001625  0.001450  0.001277  0.001108  0.000941
  0.000778  0.000617  0.000000  0.000000  0.000000  0.000000  0.000000  0.000000
  0.000000  0.000000  0.000000  0.000000  0.000000  0.000000  0.000000  0.000000
  0.000000  0.000000  0.000000  0.000000  0.000000  0.000000  0.000000
  1.000000  0.000000
  0.500008  0.500006  0.500004  0.500003  0.500003  0.500003  0.500004  0.500004
  0.500005  0.500005  0.500006  0.500007  0.500008  0.500008  0.500009  0.500009
  0.500010  0.500010  0.500011  0.500011  0.500011  0.500011  0.500011  0.500011
  0.500011  0.500012  0.500012  0.500012  0.500012  0.500012  0.500012  0.500012
  0.500012  0.500012  0.500012  0.500012  0.500012  0.500012  0.500012  0.500012
  0.500012  0.500012  0.500011  0.500011  0.500011  0.500011  0.500010  0.500010
  0.500009  0.500009  0.500008  0.500007  0.500007  0.500006  0.500005  0.500004
  0.500002  0.500001  0.500000  0.499998  0.499997  0.499995  0.499994  0.499992
  0.499991  0.499989  0.499987  0.499986  0.499984  0.499983  0.499981  0.499980
  0.499979  0.499977  0.499976  0.499975  0.499974  0.499973  0.499972  0.499971
  0.499970  0.499970  0.499969  0.499969  0.499968  0.499967  0.499967  0.499967
  0.499967  0.499966  0.499966  0.499967  0.499968  0.499968  0.499969  0.499970
  0.499971  0.499972  0.499974  0.499975  0.499976  0.499978  0.499979  0.499981
  0.499983  0.499985  0.499988  0.499990  0.499992  0.499995  0.499997
 ***************************************************************
  ROW NUMBER           2  SECTION NUMBER            3
           0           0           0  IF_DESIGN etc 
   1.00000   0.00000    0
  0.050480  0.051735  0.052860  0.053868  0.054773  0.055584  0.056311  0.056963
  0.057547  0.058071  0.058541  0.058963  0.059340  0.059679  0.059983  0.060255
  0.060499  0.060718  0.060914  0.061090  0.061247  0.061405  0.061570  0.061742
  0.061923  0.062114  0.062314  0.062524  0.062746  0.062980  0.063226  0.063485
  0.063758  0.064045  0.064347  0.064666  0.064999  0.065350  0.065717  0.066103
  0.066508  0.066934  0.067381  0.067851  0.068345  0.068864  0.069411  0.069988
  0.070597  0.071246  0.071944  0.072691  0.073487  0.074330  0.075218  0.076144
  0.077095  0.078055  0.079018  0.079982  0.080942  0.081896  0.082842  0.083788
  0.084738  0.085690  0.086644  0.087597  0.088548  0.089494  0.090426  0.091340
  0.092232  0.093101  0.093946  0.094764  0.095556  0.096325  0.097070  0.097793
  0.098493  0.099171  0.099825  0.100457  0.101066  0.101653  0.102216  0.102757
  0.103275  0.103770  0.104242  0.104715  0.105226  0.105777  0.106372  0.107015
  0.107708  0.108457  0.109265  0.110138  0.111080  0.112097  0.113195  0.114381
  0.115661  0.117042  0.118534  0.120145  0.121883  0.123760  0.125786
  1.000000  0.000000
 -0.027332 -0.026143 -0.025077 -0.024122 -0.023266 -0.022499 -0.021811 -0.021194
 -0.020641 -0.020145 -0.019701 -0.019302 -0.018945 -0.018625 -0.018338 -0.018081
 -0.017850 -0.017643 -0.017458 -0.017291 -0.017142 -0.016638 -0.016381 -0.016159
 -0.015941 -0.015716 -0.015482 -0.015239 -0.014987 -0.014726 -0.014453 -0.014170
 -0.013876 -0.013570 -0.013253 -0.012923 -0.012583 -0.012231 -0.011867 -0.011491
 -0.011103 -0.010701 -0.010286 -0.009859 -0.009418 -0.008962 -0.008492 -0.008007
 -0.007505 -0.006984 -0.006436 -0.005865 -0.005273 -0.004664 -0.004044 -0.003419
 -0.002799 -0.002196 -0.001613 -0.001052 -0.000515  0.000000  0.000490  0.000959
  0.001410  0.001843  0.002258  0.002653  0.003028  0.003383  0.003715  0.004023
  0.004308  0.004571  0.004812  0.005032  0.005233  0.005416  0.005583  0.005735
  0.005873  0.005997  0.006109  0.006210  0.006300  0.006380  0.006451  0.006514
  0.006569  0.006615  0.006396  0.006518  0.006649  0.006791  0.006944  0.007109
  0.007288  0.007480  0.007688  0.007913  0.008155  0.008417  0.008699  0.009004
  0.009333  0.009689  0.010072  0.010486  0.010934  0.011417  0.011938
  1.000000
  0.000000  0.000000  0.000000  0.000000  0.000000  0.000000  0.000000  0.000000
  0.000000  0.000000  0.000000  0.000000  0.000000  0.000000  0.000000  0.000000
  0.000000  0.000000  0.000000  0.000000  0.000000  0.000754  0.001015  0.001200
  0.001355  0.001491  0.001610  0.001715  0.001818  0.001922  0.002027  0.002135
  0.002244  0.002355  0.002468  0.002583  0.002698  0.002815  0.002933  0.003051
  0.003171  0.003291  0.003411  0.003531  0.003651  0.003770  0.003888  0.004005
  0.004119  0.004232  0.004342  0.004449  0.004550  0.004643  0.004725  0.004795
  0.004851  0.004890  0.004913  0.004920  0.004911  0.004888  0.004850  0.004797
  0.004730  0.004649  0.004553  0.004444  0.004321  0.004186  0.004041  0.003886
  0.003723  0.003554  0.003381  0.003203  0.003021  0.002837  0.002651  0.002463
  0.002275  0.002087  0.001900  0.001713  0.001529  0.001347  0.001168  0.000992
  0.000821  0.000652  0.000000  0.000000  0.000000  0.000000  0.000000  0.000000
  0.000000  0.000000  0.000000  0.000000  0.000000  0.000000  0.000000  0.000000
  0.000000  0.000000  0.000000  0.000000  0.000000  0.000000  0.000000
  1.000000  0.000000
  0.544330  0.544273  0.544226  0.544186  0.544152  0.544124  0.544100  0.544080
  0.544062  0.544046  0.544033  0.544021  0.544011  0.544002  0.543994  0.543987
  0.543980  0.543975  0.543970  0.543963  0.543957  0.543950  0.543943  0.543936
  0.543928  0.543919  0.543911  0.543901  0.543891  0.543880  0.543868  0.543855
  0.543842  0.543828  0.543813  0.543796  0.543779  0.543760  0.543740  0.543719
  0.543696  0.543672  0.543646  0.543618  0.543588  0.543556  0.543521  0.543484
  0.543445  0.543402  0.543354  0.543303  0.543247  0.543187  0.543122  0.543054
  0.542982  0.542910  0.542835  0.542761  0.542685  0.542610  0.542535  0.542460
  0.542385  0.542309  0.542233  0.542158  0.542083  0.542009  0.541936  0.541866
  0.541798  0.541732  0.541670  0.541610  0.541552  0.541498  0.541446  0.541396
  0.541349  0.541304  0.541262  0.541222  0.541184  0.541148  0.541115  0.541083
  0.541054  0.541026  0.541007  0.540992  0.540976  0.540959  0.540942  0.540923
  0.540904  0.540883  0.540862  0.540840  0.540818  0.540794  0.540771  0.540747
  0.540723  0.540699  0.540676  0.540653  0.540631  0.540612  0.540594
  STARTING INLET BOUNDARY CONDITION DATA .
  NUMBER OF POINTS FOR INLET BOUNDARY CONDITIONS 
        37
  SPACING OF INLET BOUNDARY CONDITION POINTS 
  1.000000  1.250000  1.562500  1.953125  2.441406  3.051758  3.814697  4.768372
  5.960464  7.450581  9.313226 11.641532 14.551915 18.189894 20.000000 20.000000
 20.000000 20.000000 20.000000 20.000000 20.000000 20.000000 18.189894 14.551915
 11.641532  9.313226  7.450581  5.960464  4.768372  3.814697  3.051758  2.441406
  1.953125  1.562500  1.250000  1.000000
   INLET STAGNATION PRESSURES 
  100000.0  100000.0  100000.0  100000.0  100000.0  100000.0  100000.0  100000.0
  100000.0  100000.0  100000.0  100000.0  100000.0  100000.0  100000.0  100000.0
  100000.0  100000.0  100000.0  100000.0  100000.0  100000.0  100000.0  100000.0
  100000.0  100000.0  100000.0  100000.0  100000.0  100000.0  100000.0  100000.0
  100000.0  100000.0  100000.0  100000.0  100000.0
   INLET STAGNATION TEMPERATURES 
  300.0000  300.0000  300.0000  300.0000  300.0000  300.0000  300.0000  300.0000
  300.0000  300.0000  300.0000  300.0000  300.0000  300.0000  300.0000  300.0000
  300.0000  300.0000  300.0000  300.0000  300.0000  300.0000  300.0000  300.0000
  300.0000  300.0000  300.0000  300.0000  300.0000  300.0000  300.0000  300.0000
  300.0000  300.0000  300.0000  300.0000  300.0000
   INLET ABSOLUTE TANGENTIAL VELOCITY 
    0.0000    0.0000    0.0000    0.0000    0.0000    0.0000    0.0000    0.0000
    0.0000    0.0000    0.0000    0.0000    0.0000    0.0000    0.0000    0.0000
    0.0000    0.0000    0.0000    0.0000    0.0000    0.0000    0.0000    0.0000
    0.0000    0.0000    0.0000    0.0000    0.0000    0.0000    0.0000    0.0000
    0.0000    0.0000    0.0000    0.0000    0.0000
   INLET MERIDIONAL VELOCITY 
  157.0795  157.0795  157.0795  157.0795  157.0795  157.0795  157.0795  157.0795
  157.0795  157.0795  157.0795  157.0795  157.0795  157.0795  157.0795  157.0795
  157.0795  157.0795  157.0795  157.0795  157.0795  157.0795  157.0795  157.0795
  157.0795  157.0795  157.0795  157.0795  157.0795  157.0795  157.0795  157.0795
  157.0795  157.0795  157.0795  157.0795  157.0795
   INLET MERIDIONAL YAW ANGLE  
   20.5560   20.5560   20.5560   20.5560   20.5560   20.5560   20.5560   20.5560
   20.5560   20.5560   20.5560   20.5560   20.5560   20.5560   20.5560   20.5560
   20.5560   20.5560   20.5560   20.5560   20.5560   20.5560   20.5560   20.5560
   20.5560   20.5560   20.5560   20.5560   20.5560   20.5560   20.5560   20.5560
   20.5560   20.5560   20.5560   20.5560   20.5560
   INLET PITCH ANGLE 
    0.1904    0.1892    0.1877    0.1859    0.1836    0.1807    0.1771    0.1726
    0.1670    0.1600    0.1512    0.1403    0.1266    0.1094    0.0880    0.0645
    0.0409    0.0174   -0.0061   -0.0297   -0.0532   -0.0768   -0.1003   -0.1217
   -0.1389   -0.1526   -0.1635   -0.1723   -0.1793   -0.1849   -0.1894   -0.1930
   -0.1959   -0.1982   -0.2000   -0.2015   -0.2027
   PDOWN_HUB   PDOWN_TIP 
  109119.3  109119.3
 MIXING LENGTH LIMITS ON ALL BLADE ROWS
  0.050000  0.050000  0.050000  0.050000  0.050000  0.030000
  0.050000  0.050000  0.050000  0.050000  0.050000  0.030000
  FACTOR TO INCREASE THE TURBULENT VISCOSITY OVER THE FIRST NMIXUP STEPS 
   2.00000 1000
